# camera_config.yaml
name: "cam2"
topic: "/cam2/color/image_raw"
H:
  [
    [
      -0.28549835357294084,
      0.55042222520351669,
      0.78455469159845648,
      -0.5286516502211807,
    ],
    [
      0.93083198695487401,
      -0.035606064332653592,
      0.36370870245896036,
      -0.8068283958501908,
    ],
    [
      0.22812825815488452,
      0.8341268381875433,
      -0.50218514080612753,
      0.4407541458165125,
    ],
    [0, 0, 0, 1],
  ]
camera_matrix:
  [
    [1362.67218235391, 0, 992.390457264641],
    [0, 1362.52884594488, 539.09859104798],
    [0, 0, 1],
  ]
distortion_coefficients:
  [
    0.13307403966671,
    -0.331350606935734,
    0.000245071560936,
    0.000315038110404,
    0.123296864151717,
  ]
serial_no: "831612072516"
