# camera_config.yaml
name: "cam1"
topic: "/cam1/color/image_raw"
H:
  [
    [
      -0.28080641108408705,
      -0.52529853656550363,
      0.80324915622502535,
      -0.5340115894520676,
    ],
    [
      -0.92574746104020345,
      -0.072599121646612613,
      -0.37110780901748408,
      -0.3620663612649232,
    ],
    [
      0.25325757219023431,
      -0.84781531893348128,
      -0.4659074877162071,
      0.4409975675038182,
    ],
    [0, 0, 0, 1],
  ]
camera_matrix:
  [
    [1366.00600672729, 0, 980.57576507668],
    [0, 1366.32623881029, 535.497212026438],
    [0, 0, 1],
  ]
distortion_coefficients:
  [
    0.139874415251927,
    -0.42450290350724,
    -0.000443565714817,
    -0.0013455338084,
    0.31016064591688,
  ]
serial_no: "831612070975"
